-,-,-
53, -160, 1046
83, -195, 968
37, -90, 952
14, -38, 947
35, -42, 972
35, -42, 972
70, -19, 1002
58, 110, 1004
73, 268, 1088
49, 480, 1196
49, 480, 1196
-2, 650, 1172
101, 511, 1021
193, 352, 948
186, 465, 949
215, 404, 952
208, 186, 816
208, 186, 816
232, -41, 819
158, -162, 904
152, -137, 906
46, 4, 803
46, 4, 803
-114, -293, 927
-301, -368, 1164
-374, -407, 1275
-475, -410, 1081
-610, -509, 1100
-642, -416, 1035
-602, -249, 1075
-628, -120, 1016
-626, -60, 1064
-589, 62, 1017
-505, 120, 977
-420, -31, 1079
-397, -48, 1100
-311, -16, 943
-151, 52, 836
-151, 52, 836
-18, 26, 864
116, -45, 935
209, -93, 962
280, -33, 925
300, -18, 949
300, -18, 949
411, -93, 1067
478, -211, 1094
525, -238, 1127
590, -259, 1029
551, -370, 1133
543, -481, 1161
464, -539, 1183
363, -622, 1136
338, -629, 1127
291, -571, 1060
258, -545, 1067
240, -474, 1032
240, -474, 998
166, -336, 998
48, -301, 1073
40, -252, 1051
81, -172, 1003
121, -83, 895
115, -22, 851
68, 143, 824
68, 143, 824
39, 151, 894
54, 179, 906
203, 200, 933
183, 158, 980
183, 158, 980
207, 151, 976
255, 172, 935
295, 211, 878
358, 197, 961
409, 111, 972
409, 111, 972
447, 13, 989
496, -9, 1013
443, 38, 995
425, 80, 952
425, 80, 952
385, 47, 943
365, -25, 963
355, -34, 1018
295, -1, 1085
179, 80, 1075
179, 80, 1075
60, 108, 931
-75, 59, 997
-169, 66, 1114
-230, 89, 1110
-283, 30, 1084
-283, 30, 1084
-352, 1, 1048
-448, 48, 1027
-496, 58, 1099
-,-,-
110, -3, 965
184, 16, 990
184, -5, 969
184, -5, 969
213, -56, 1074
176, -117, 1077
287, -15, 1143
539, 113, 1196
590, 125, 1123
541, 201, 1001
520, 281, 917
520, 281, 917
396, 314, 836
254, 293, 826
359, 145, 1026
310, 0, 777
310, 0, 777
106, 13, 722
-2, -22, 900
-93, -332, 970
-231, -513, 985
-449, -385, 915
-520, -131, 1093
-546, -113, 1188
-627, -121, 1222
-667, -34, 1181
-667, -34, 1181
-606, 210, 1057
-509, 381, 1071
-472, 477, 1012
-472, 505, 941
-473, 490, 967
-429, 394, 936
-301, 355, 923
-172, 228, 892
-137, 126, 894
-47, 40, 972
-47, 40, 972
74, -171, 1015
120, -336, 998
202, -241, 965
208, -285, 1040
268, -471, 1135
371, -469, 1157
363, -527, 1041
303, -551, 1117
176, -604, 1152
111, -656, 1125
111, -656, 1125
39, -727, 1122
-89, -731, 1117
-178, -518, 1079
-283, -334, 1108
-328, -188, 1196
-317, -222, 1273
-257, -253, 1188
-167, -187, 1004
41, -5, 918
328, 209, 981
580, 239, 940
398, 162, 921
398, 162, 921
362, 59, 1028
429, -33, 828
522, 58, 805
479, -13, 810
549, -104, 927
549, -104, 927
520, -145, 895
414, -198, 866
425, -178, 934
559, -252, 1011
646, -240, 1059
579, -238, 991
551, -177, 985
464, -169, 937
375, -122, 952
375, -122, 952
363, -59, 969
223, 5, 1007
128, 112, 1032
31, 176, 997
-59, 169, 990
-59, 169, 990
-126, 203, 985
-137, 255, 1008
-105, 337, 998
-137, 403, 1008
-185, 408, 989
-188, 348, 987
-,-,-
18, -171, 1052
70, -182, 1013
82, -173, 1012
164, -156, 984
164, -156, 984
183, -176, 1059
235, -209, 1018
313, -240, 1081
357, -206, 1178
576, -182, 994
514, -207, 798
475, -209, 881
483, -173, 1062
404, -185, 1021
291, -233, 868
289, -225, 871
289, -225, 871
353, -136, 985
299, -127, 968
155, -223, 820
-42, -222, 895
-2, -97, 981
54, -76, 1113
-27, -69, 1156
-27, -69, 1156
-151, -63, 979
-227, -4, 955
-224, 78, 950
-298, 118, 1110
-450, 226, 1100
-475, 371, 1085
-378, 538, 1036
-303, 616, 1041
-249, 530, 1127
-201, 433, 1161
-201, 433, 1056
-165, 448, 1056
-117, 380, 970
-7, 249, 878
-120, 88, 1041
-198, -9, 1035
-211, -95, 960
-203, -202, 917
-65, -241, 876
136, -271, 1116
246, -303, 1007
246, -303, 1007
182, -441, 866
64, -594, 949
124, -606, 1008
157, -503, 987
136, -454, 1001
75, -478, 986
17, -417, 974
9, -332, 963
9, -332, 963
-95, -427, 1069
-163, -471, 1149
-172, -414, 1185
-278, -349, 1127
-446, -307, 1102
-495, -271, 1115
-478, -254, 1214
-439, -174, 1225
-374, -92, 1205
-179, -29, 1086
-69, 50, 1046
-46, 36, 996
-45, -9, 806
-45, -9, 806
-72, -161, 873
196, -222, 1090
412, -92, 797
463, -23, 796
415, -81, 863
415, -81, 863
364, -183, 899
500, -201, 915
567, -216, 1004
413, -251, 994
201, -391, 955
73, -536, 1115
117, -635, 1259
207, -730, 1174
293, -714, 1014
222, -579, 987
222, -579, 987
159, -488, 1040
174, -426, 1060
176, -328, 1061
189, -204, 1058
182, -37, 1177
141, 136, 1061
63, 253, 921
67, 327, 960
67, 327, 960
-,-,-
47, -258, 947
36, -201, 981
124, -220, 1013
124, -220, 1013
219, -263, 1019
291, -426, 947
421, -582, 969
584, -731, 1080
616, -765, 1179
614, -712, 1104
596, -688, 962
572, -671, 863
553, -668, 894
257, -576, 884
-43, -379, 890
-43, -379, 890
-135, -192, 837
-64, -47, 874
-81, 89, 977
-113, 142, 1034
-256, 166, 1017
-272, 273, 1037
-182, 424, 1039
-64, 429, 1100
124, 381, 1128
124, 381, 1128
293, 340, 1101
430, 210, 1087
524, 118, 971
576, 174, 971
574, 226, 964
566, 280, 947
566, 280, 947
497, 312, 930
472, 282, 960
359, 190, 963
306, 158, 995
261, -17, 995
261, -17, 995
98, -200, 1046
-98, -389, 1101
-373, -484, 1053
-504, -539, 1075
-507, -577, 1056
-543, -607, 1060
-622, -617, 1040
-720, -544, 999
-664, -454, 1000
-401, -336, 1041
-276, -241, 1038
-304, -148, 1032
-537, -66, 1056
-518, 2, 1141
-278, -38, 1142
-70, 31, 1162
-69, 31, 1186
-69, 31, 1186
-254, -58, 1080
-102, -27, 1136
27, -111, 1091
95, -138, 983
77, -195, 908
162, -216, 978
328, -320, 984
328, -320, 914
346, -473, 914
213, -490, 853
116, -456, 776
129, -499, 771
224, -588, 899
237, -572, 907
189, -510, 980
111, -464, 954
45, -465, 917
45, -465, 917
68, -499, 923
56, -542, 995
-18, -588, 1129
-183, -606, 1127
-217, -568, 1005
-237, -578, 965
-288, -616, 1061
-329, -586, 1174
-222, -532, 1140
-27, -430, 1027
125, -301, 1018
146, -221, 1107
152, -149, 1114
287, -29, 969
287, -29, 969
540, 86, 888
570, 140, 950
402, 167, 961
336, 173, 931
336, 173, 931
357, 196, 933
376, 159, 931
-,-,-
65, -197, 974
59, -170, 956
-35, -214, 999
-46, -266, 960
20, -367, 945
36, -560, 920
36, -560, 920
6, -815, 954
-122, -981, 1118
-158, -1112, 1152
74, -1185, 1043
254, -1101, 774
31, -839, 810
-152, -650, 972
-301, -367, 945
-155, -128, 809
-64, 158, 897
-64, 158, 897
69, 308, 1000
204, 355, 1089
152, 371, 1071
165, 380, 1015
182, 301, 1041
203, 219, 1116
325, 81, 1167
325, 81, 1167
351, 67, 1066
491, 26, 979
581, -15, 964
544, -81, 952
562, -87, 886
562, -87, 886
795, -78, 926
936, -131, 965
784, -170, 987
623, -173, 1006
588, -119, 965
454, -157, 958
269, -209, 971
269, -209, 971
38, -218, 1104
-52, -123, 1089
-101, -107, 1141
-266, -106, 1089
-389, -130, 1051
-454, -93, 1061
-494, -78, 1084
-514, -83, 1103
-506, -67, 1060
-444, 3, 1072
-306, 154, 1089
-185, 248, 1129
-116, 263, 1136
-118, 241, 1047
-43, 239, 1076
-43, 239, 1076
70, 299, 1171
64, 284, 1198
94, 83, 1121
75, -101, 985
-21, -244, 1030
-11, -276, 977
-11, -276, 977
14, -381, 966
-54, -558, 791
-81, -670, 728
-187, -665, 797
-249, -727, 872
-215, -734, 908
-202, -667, 952
-221, -585, 938
-223, -472, 854
-311, -418, 873
-359, -467, 916
-408, -429, 955
-408, -429, 955
-442, -377, 1011
-505, -331, 1027
-546, -332, 1041
-570, -393, 1070
-468, -410, 1060
-251, -402, 1066
-101, -419, 1036
69, -413, 990
270, -407, 989
320, -387, 990
383, -337, 943
492, -272, 946
541, -276, 1048
579, -291, 1043
640, -280, 1005
586, -259, 994
473, -226, 982
473, -226, 982
367, -195, 948
355, -198, 978
-,-,-
-43, -246, 933
-91, -271, 970
-91, -271, 970
-185, -279, 963
-121, -427, 983
-253, -417, 988
-508, -526, 965
-693, -680, 1083
-746, -795, 1082
-654, -756, 833
-570, -751, 715
-477, -767, 929
-417, -503, 851
-188, -89, 752
-134, 90, 916
-69, -18, 1035
-69, -18, 1035
168, -45, 999
460, 95, 1027
545, 289, 1160
605, 261, 1207
636, 75, 1173
620, -98, 1116
568, -233, 1024
568, -233, 1024
563, -386, 1004
482, -515, 1043
394, -639, 1074
375, -796, 1070
395, -897, 1068
294, -795, 1074
264, -687, 1006
284, -598, 974
219, -515, 997
104, -342, 960
74, -64, 992
74, -64, 1057
59, 40, 1057
-83, 156, 1124
-181, 268, 1038
-287, 398, 1053
-236, 349, 1007
-195, 331, 1010
-209, 441, 1043
-210, 502, 1051
-111, 430, 1077
64, 358, 1067
64, 358, 1067
174, 418, 1127
231, 450, 1204
293, 435, 1213
331, 304, 1243
301, 194, 1164
262, 3, 1070
53, -97, 1036
53, -97, 1036
-156, -112, 958
-193, -243, 810
-247, -414, 778
-368, -406, 798
-478, -335, 762
-543, -358, 774
-654, -360, 887
-709, -268, 949
-630, -167, 968
-538, -83, 930
-566, 40, 993
-566, 40, 993
-648, 80, 1007
-604, 77, 911
-528, 70, 966
-534, 63, 1043
-583, 88, 1054
-537, 31, 1042
-537, 31, 1042
-442, -66, 1031
-311, -212, 1064
-182, -403, 1006
-111, -497, 996
-56, -534, 971
67, -577, 913
290, -706, 905
380, -800, 997
316, -792, 1097
230, -712, 1112
178, -632, 1060
186, -563, 985
186, -563, 985
206, -494, 937
196, -436, 944
221, -452, 976
151, -421, 1013
-,-,-
-11, -161, 981
-21, -192, 962
-42, -178, 931
-146, -172, 901
-309, -153, 931
-506, -202, 1036
-674, -184, 1086
-844, -166, 989
-871, -145, 919
-770, -139, 821
-665, -81, 917
-658, -39, 1034
-442, 44, 902
-442, 44, 902
-43, 106, 743
160, 28, 951
193, -60, 1149
239, -72, 1133
370, -87, 1048
475, -211, 1173
476, -350, 1238
476, -350, 1238
425, -466, 1116
359, -524, 1022
281, -555, 1028
191, -650, 1050
81, -713, 1089
-11, -739, 1126
-72, -771, 1099
-119, -742, 1052
-112, -694, 1005
-126, -672, 976
-131, -555, 1010
-19, -408, 998
61, -325, 1048
28, -233, 1111
10, 5, 1057
10, 5, 1057
73, 189, 970
163, 299, 885
195, 368, 981
195, 368, 1010
200, 359, 1010
172, 375, 1016
181, 401, 1023
192, 405, 1035
246, 345, 1066
313, 287, 1121
372, 246, 1118
443, 175, 1147
487, 163, 1139
487, 163, 1139
514, 82, 1127
548, -22, 1125
498, -17, 1156
391, -17, 1096
282, -58, 1020
202, -111, 976
25, -102, 1001
25, -102, 1001
-155, -38, 992
-315, -31, 938
-357, -7, 814
-316, -84, 762
-358, -8, 790
-471, 95, 865
-483, 168, 917
-483, 168, 917
-466, 239, 901
-406, 293, 859
-304, 378, 851
-284, 451, 1004
-276, 528, 1151
-234, 554, 1104
-176, 472, 1012
-162, 417, 985
-177, 302, 959
-144, 164, 1026
-144, 164, 1026
-116, 48, 986
-98, -160, 1019
-144, -343, 1054
-111, -572, 988
-76, -838, 1016
-120, -916, 1144
-171, -878, 1159
-,-,-
-51, -12, 1013
-84, -27, 992
-173, 57, 959
-254, 203, 1055
-241, 230, 1088
-206, 143, 1049
-294, 131, 977
-508, 206, 1045
-556, 300, 1201
-509, 415, 1240
-509, 415, 1240
-473, 315, 1083
-389, 197, 858
-236, 160, 729
-236, 262, 785
-128, 254, 774
42, 126, 712
68, -48, 874
68, -48, 874
62, -57, 1092
122, -158, 1000
161, -233, 916
205, -186, 888
62, -173, 1316
50, -358, 1235
-17, -532, 1027
-80, -624, 1093
-80, -624, 1093
-138, -612, 1154
-274, -541, 1156
-351, -563, 1080
-474, -598, 1115
-510, -570, 1108
-579, -415, 1015
-544, -306, 1037
-490, -269, 1114
-382, -296, 1002
-226, -323, 865
-155, -245, 896
-97, -56, 942
1, 6, 1043
85, -35, 1067
156, 17, 969
156, 17, 969
225, 180, 826
266, 227, 880
296, 334, 1052
358, 340, 1193
440, 260, 1177
506, 202, 1101
506, 202, 1101
499, 178, 1125
437, 83, 1217
412, -49, 1232
366, -121, 1154
306, -107, 1127
294, -115, 1094
212, -107, 1159
154, -231, 1251
60, -306, 1172
-91, -252, 1128
-91, -252, 1128
-66, -129, 1013
-106, 1, 855
-87, 99, 637
-146, 132, 770
-199, 239, 992
-177, 226, 919
-154, 237, 782
-154, 237, 782
-130, 375, 689
-124, 358, 744
-89, 373, 859
-101, 428, 1075
9, 384, 1197
47, 345, 1094
3, 336, 1127
3, 336, 1127
125, 323, 1070
196, 298, 1112
228, 259, 1057
162, 237, 964
32, 156, 1087
32, 156, 1087
5, 129, 1056
-27, 137, 1014
-76, 59, 958
-149, -21, 914
-219, -76, 948
-321, -173, 1050
-373, -242, 1031
-373, -266, 944
-373, -266, 944
-408, -291, 936
-482, -288, 938
-452, -321, 927
-418, -330, 990
-407, -348, 1017
-384, -381, 1006
-,-,-
10, -78, 977
55, -91, 985
27, -94, 952
27, -94, 952
27, -68, 878
18, 67, 891
12, 260, 944
12, 260, 944
78, 540, 1079
163, 790, 1169
65, 811, 1077
31, 851, 1043
-50, 788, 851
-50, 788, 851
-14, 670, 940
80, 403, 1031
139, 106, 1082
150, -277, 1007
-72, -644, 930
-180, -687, 1163
-150, -753, 1019
-119, -819, 825
-206, -870, 754
-245, -725, 828
-315, -637, 897
-315, -637, 897
-501, -546, 967
-625, -344, 1065
-775, -192, 1033
-809, -23, 1014
-815, 20, 1041
-761, 63, 983
-657, 146, 1028
-597, 48, 923
-331, -46, 1005
36, -61, 1132
139, -129, 1062
205, -198, 942
205, -198, 942
338, -170, 972
390, -138, 985
362, -80, 1076
356, -74, 1102
391, -132, 1097
427, -178, 1075
393, -254, 1079
324, -350, 1110
311, -399, 1106
273, -513, 1109
193, -632, 1171
118, -669, 1122
118, -669, 1122
138, -533, 1116
67, -498, 1124
20, -496, 1205
26, -402, 1116
81, -337, 939
139, -199, 825
233, 66, 994
138, 362, 836
138, 362, 836
243, 494, 756
221, 437, 883
233, 357, 889
198, 325, 885
222, 345, 919
222, 345, 919
337, 405, 908
555, 435, 986
516, 234, 964
501, 58, 1001
574, -27, 981
574, -27, 981
619, -5, 960
630, 129, 1056
593, 151, 1158
514, 63, 1053
355, 88, 1093
355, 88, 1093
91, 110, 1029
-209, 225, 990
-260, 144, 968
-375, 19, 933
-635, 9, 956
-635, 9, 956
-837, 60, 1082
-880, 93, 1170
-764, 56, 1005
-670, 81, 925
-572, 128, 873
-,-,-
55, -82, 1023
41, -82, 942
59, -103, 903
119, -69, 934
188, 83, 913
188, 83, 913
273, 254, 916
410, 434, 980
599, 646, 1001
661, 821, 1008
512, 950, 1096
512, 950, 1096
368, 718, 991
454, 419, 760
496, 28, 845
327, -291, 749
-104, -398, 878
-446, -625, 1085
-366, -679, 1202
-305, -592, 1180
-306, -497, 1080
-280, -313, 1057
-409, -213, 1005
-555, -103, 1059
-669, 85, 1249
-669, 85, 1249
-668, 247, 1270
-562, 409, 1002
-614, 504, 904
-720, 459, 904
-486, 478, 1042
-297, 400, 1077
-191, 217, 847
-91, 39, 900
107, -171, 980
107, -171, 980
306, -435, 1024
342, -559, 1053
339, -597, 1076
335, -682, 1061
355, -721, 952
343, -663, 898
239, -572, 997
111, -449, 1253
-111, -433, 1208
-319, -491, 1097
-302, -527, 947
-256, -429, 930
-241, -359, 1050
-282, -336, 1264
-206, -243, 1239
113, 3, 858
113, 3, 858
331, 280, 718
457, 381, 899
498, 323, 1125
498, 225, 1087
659, 332, 843
659, 332, 843
744, 307, 755
584, 190, 902
552, 40, 1035
605, -10, 918
546, -65, 904
546, -65, 904
590, -121, 870
660, -192, 878
670, -267, 981
699, -313, 1075
651, -355, 1028
596, -326, 875
512, -202, 1065
334, 1, 1230
334, 1, 1230
76, 156, 1060
-34, 190, 808
-162, 229, 849
-309, 403, 1050
-476, 447, 966
-516, 453, 998
-516, 453, 998
-502, 454, 1123
-,-,-
-13, -60, 1005
-13, -60, 1005
53, -59, 976
144, -59, 996
162, -82, 975
204, -29, 905
373, 138, 968
373, 138, 968
773, 206, 1217
880, 132, 1248
820, 220, 1072
739, 266, 990
532, 369, 919
381, 251, 797
381, 251, 797
268, 49, 766
77, -124, 697
-166, -253, 859
-407, -277, 1064
-480, -431, 1021
-404, -526, 1037
-445, -448, 1050
-471, -435, 1080
-543, -322, 1109
-565, -70, 1171
-578, 185, 1175
-556, 416, 1140
-481, 476, 1094
-422, 455, 1124
-422, 455, 1124
-324, 493, 1086
-160, 540, 1096
28, 364, 1094
71, 223, 1124
54, 166, 1034
146, -94, 846
197, -353, 818
286, -484, 929
286, -484, 929
325, -636, 897
242, -704, 737
165, -609, 769
153, -541, 934
164, -592, 1063
48, -619, 1023
-79, -586, 1019
-163, -455, 929
-172, -367, 1025
-239, -360, 1161
-242, -518, 1163
-218, -649, 1251
-246, -569, 1182
-249, -574, 1083
-234, -548, 1066
-226, -390, 1123
-123, -238, 1123
102, -109, 970
102, -109, 970
170, -13, 901
350, 3, 821
590, 141, 657
721, 217, 828
716, 197, 987
716, 197, 987
603, 162, 959
687, 149, 997
825, 6, 1014
759, -139, 962
594, -165, 931
594, -165, 931
527, -184, 950
534, -209, 991
604, -376, 970
618, -521, 952
636, -565, 1038
476, -440, 930
376, -244, 938
274, -29, 992
274, -29, 992
70, 201, 929
-27, 299, 837
-64, 375, 932
-165, 500, 1032
-,-,-
176, -217, 992
183, -185, 1013
181, -203, 1028
234, -181, 1017
281, -243, 1001
379, -294, 1010
529, -383, 1024
629, -505, 1053
665, -533, 1032
665, -533, 1032
636, -445, 936
440, -343, 794
280, -271, 786
221, -371, 971
64, -457, 1022
-79, -354, 1005
-163, -187, 968
-172, -5, 960
-142, -32, 937
-142, -32, 937
-87, -73, 1026
-51, -116, 1075
-6, -20, 1011
127, 104, 959
168, 157, 946
214, 121, 980
307, 82, 1077
307, 82, 1077
273, -6, 1154
152, 25, 1138
66, 231, 1052
133, 348, 988
203, 333, 990
203, 333, 990
202, 434, 1003
181, 575, 968
145, 512, 913
202, 363, 1027
210, 202, 1088
160, 23, 1053
160, 23, 1053
169, -117, 1037
134, -208, 1050
92, -335, 1085
-14, -496, 1041
-18, -462, 1020
-7, -487, 1048
-4, -535, 1178
-96, -573, 1166
-118, -575, 1099
-134, -537, 1003
-124, -515, 967
-97, -494, 968
-97, -494, 968
-103, -484, 969
-218, -429, 1017
-346, -415, 1074
-366, -445, 1043
-293, -394, 978
-239, -275, 977
-386, -211, 1049
-516, -341, 1143
-424, -376, 1032
-170, -346, 862
-29, -291, 944
77, -126, 1096
172, -212, 993
320, -281, 741
451, -266, 784
507, -219, 981
507, -219, 981
586, -323, 1047
561, -372, 922
471, -335, 832
378, -297, 842
316, -420, 938
263, -490, 984
206, -396, 953
178, -361, 953
72, -448, 1039
72, -448, 1039
-77, -569, 1051
-104, -615, 986
-91, -561, 1006
-32, -605, 1059
-16, -632, 1106
1, -627, 1013
80, -483, 1001
84, -450, 1071
106, -476, 1086
131, -347, 1025
270, -178, 976
270, -178, 976
353, -46, 1004
-,-,-
35, -226, 1002
5, -281, 919
38, -369, 874
-46, -291, 922
-265, -422, 955
-485, -784, 1022
-626, -973, 1221
-630, -914, 1194
-479, -934, 967
-429, -968, 921
-395, -837, 743
-193, -641, 770
-25, -456, 755
-25, -456, 755
94, -308, 898
127, -292, 991
-25, 128, 1026
-91, 562, 1113
182, 486, 1200
319, 255, 1147
441, 147, 1042
441, 147, 1042
590, 243, 1029
597, 260, 1186
526, 80, 1198
514, -31, 1083
535, -174, 973
572, -341, 937
557, -494, 990
599, -605, 971
599, -605, 971
629, -649, 976
514, -569, 979
428, -368, 1003
394, -355, 998
290, -359, 1014
74, -223, 993
-205, -94, 987
-267, -32, 1038
-336, -19, 1096
-336, -19, 1096
-360, 15, 1023
-424, 165, 994
-453, 296, 995
-383, 395, 1024
-296, 391, 1043
-218, 477, 1094
-205, 513, 1130
-90, 527, 1036
105, 520, 1052
227, 461, 1113
173, 358, 1269
173, 358, 1269
161, 192, 996
94, 236, 975
126, 162, 1047
67, -51, 1094
48, -160, 1087
-27, -237, 854
-27, -237, 854
-124, -444, 825
-246, -618, 888
-339, -648, 815
-417, -542, 860
-521, -513, 871
-424, -708, 903
-407, -694, 887
-437, -553, 882
-536, -314, 903
-605, -113, 917
-557, -86, 1081
-569, -9, 1124
-628, 82, 900
-628, 82, 900
-642, 85, 749
-545, 68, 940
-626, 58, 1084
-627, 52, 954
-531, -86, 975
-214, -226, 943
-214, -226, 943
-150, -336, 946
-61, -406, 918
106, -374, 1030
283, -410, 1091
412, -579, 1163
588, -601, 1187
582, -479, 1087
503, -429, 1086
410, -372, 1142
339, -343, 1117
277, -395, 1107
270, -332, 1056
-,-,-
-76, -100, 989
-97, -107, 939
-137, -81, 956
-159, 7, 1003
-159, 7, 1003
-321, 188, 993
-494, 347, 1052
-731, 545, 1161
-738, 574, 1155
-645, 403, 1056
-534, 165, 730
-248, 193, 809
-267, 339, 1059
-141, 318, 1003
145, 159, 875
145, 159, 875
259, -33, 682
64, -68, 827
33, -165, 1212
187, -225, 1215
253, -342, 1102
148, -412, 1126
75, -516, 1176
70, -562, 1120
70, -562, 1120
49, -563, 1091
-65, -652, 1134
-182, -683, 1147
-278, -554, 1008
-407, -416, 827
-526, -385, 862
-634, -377, 1056
-666, -300, 1105
-647, -266, 996
-556, -264, 1023
-462, -218, 1031
-382, -188, 958
-261, -92, 909
-107, -49, 967
17, 84, 939
17, 84, 939
81, 271, 892
124, 254, 928
155, 231, 1008
223, 229, 1004
313, 248, 964
313, 248, 964
317, 210, 997
285, 170, 1046
296, 178, 1114
348, 112, 1210
412, -1, 1216
530, -137, 1070
530, -137, 1070
562, -282, 1031
510, -293, 1109
394, -309, 1161
292, -412, 1209
234, -343, 1123
218, -188, 1099
158, -143, 1054
99, -176, 891
9, -109, 871
-171, -150, 992
-238, 35, 1050
-238, 35, 1050
-306, 323, 770
-363, 276, 579
-361, 208, 761
-448, 206, 1015
-464, 173, 1065
-437, 279, 909
-383, 341, 810
-243, 392, 1005
-77, 405, 1102
-16, 371, 1049
-16, 371, 1049
4, 318, 958
54, 261, 966
109, 281, 1040
130, 293, 1023
130, 278, 939
130, 278, 939
100, 206, 930
23, 179, 1011
-102, 85, 1021
-198, -7, 959
-276, -91, 941
-337, -136, 970
-394, -174, 1001
-423, -198, 1021
-474, -318, 1035
-524, -385, 1072
-539, -398, 1065
-553, -389, 1052
-,-,-
117, -48, 1010
58, -77, 896
135, 9, 934
211, 138, 948
211, 138, 948
337, 379, 957
639, 728, 1098
883, 1097, 1257
893, 1254, 1138
566, 958, 654
252, 472, 430
252, 472, 430
99, 286, 571
164, 201, 761
174, -171, 931
80, -315, 1146
-348, -266, 1185
-448, -373, 1252
-208, -509, 1242
-215, -496, 1090
-344, -370, 913
-377, -268, 968
-442, -296, 1170
-509, -217, 1245
-586, -158, 1183
-532, -45, 1011
-490, 48, 976
-490, 48, 976
-448, 124, 865
-576, 224, 944
-552, 261, 1005
-370, 318, 1034
-317, 397, 1078
-273, 384, 945
-102, 328, 893
-143, 153, 989
-143, 153, 989
-125, -17, 1002
71, -12, 975
215, -78, 942
292, -165, 965
167, -294, 957
111, -293, 960
216, -216, 906
216, -216, 906
307, -176, 957
278, -274, 1017
146, -352, 1101
68, -294, 1088
53, -280, 1074
56, -324, 1116
31, -385, 1180
-80, -450, 1251
-178, -443, 1102
-177, -514, 1076
-249, -483, 1317
-204, -480, 1316
-125, -485, 1310
-166, -461, 1178
-284, -484, 1066
-231, -446, 964
-64, -242, 842
-163, -151, 822
-163, -151, 822
-330, -176, 864
-103, -139, 902
263, 10, 1028
280, 245, 899
-33, 501, 848
-26, 645, 832
241, 514, 911
241, 514, 911
530, 323, 1062
567, 343, 1079
416, 425, 965
496, 394, 923
531, 146, 842
443, -49, 775
443, -49, 775
384, -130, 852
496, -101, 1000
583, -50, 1125
561, -68, 1019
425, -174, 913
387, -244, 1100
397, -169, 1188
330, -48, 1091
184, 38, 954
184, 38, 954
-14, 144, 1002
-205, 281, 947
-298, 286, 867
-290, 332, 889
-405, 396, 1055
-515, 571, 1137
-600, 510, 1108
-600, 510, 1108
-525, 149, 1188
-194, 103, 1165
-97, 249, 1005
